7 3 0.0009020667833586534 0.005400566694637139 0.00078959995880723
10 9 0.0008242111653089523 0.005211855543570386 0.0009677111585107115
12 2 0.0009386000456288457 0.004908449947834015 0.0011002999963238835
20 3 0.0023396999264756837 0.00501036667264998 0.0017235000462581713
22 1 0.0019529999699443579 0.006085699889808893 0.00171150011010468
30 4 0.002555999963078648 0.020050125021953136 0.003122250025626272
32 3 0.0032980000444998345 0.006311266605431835 0.004297633267318209
92 3 0.012045599985867739 0.010972399963065982 0.023043999991690118
100 6 0.014188866635474065 0.028122299971679848 0.02591008328211804
111 2 0.03526550007518381 0.017720600008033216 0.06519414996728301
234 2 0.11965340003371239 0.045195399899967015 0.23257799982093275
500 2 0.5290989999193698 0.17216734995599836 1.0608966001309454
700 2 0.486868149950169 0.15820970002096146 1.0342636499553919
1000 5 0.6218493800144642 0.19321129992604255 1.1358688200358302
8976 1 0.4897327998187393 0.18770620017312467 0.8260412001982331
10101 4 0.6672106749610975 0.2823302499600686 1.1664802500163205
10768 1 0.799062900012359 0.3311934000812471 1.1602882998995483
